abc_01705	gi|803444476|gb|CP011147.1|	100.00	1557	0	0	1	1557	1133720	1135276	0.0	2876
abc_01705	gi|803444476|gb|CP011147.1|	83.41	928	152	2	631	1557	66229	65303	0.0	859
abc_01705	gi|408436493|emb|HE579073.1|	100.00	1557	0	0	1	1557	1126302	1127858	0.0	2876
abc_01705	gi|408434508|emb|HE579071.1|	100.00	1557	0	0	1	1557	1126253	1127809	0.0	2876
abc_01705	gi|408432519|emb|HE579069.1|	100.00	1557	0	0	1	1557	1126479	1128035	0.0	2876
abc_01705	gi|408430526|emb|HE579067.1|	100.00	1557	0	0	1	1557	1126438	1127994	0.0	2876
abc_01705	gi|408428537|emb|HE579065.1|	100.00	1557	0	0	1	1557	1126440	1127996	0.0	2876
abc_01705	gi|408426549|emb|HE579063.1|	100.00	1557	0	0	1	1557	1126444	1128000	0.0	2876
abc_01705	gi|408424560|emb|HE579061.1|	100.00	1557	0	0	1	1557	1126489	1128045	0.0	2876
abc_01705	gi|408422572|emb|HE579059.1|	100.00	1557	0	0	1	1557	1126497	1128053	0.0	2876
abc_01705	gi|380004339|gb|JQ031668.1|	100.00	1557	0	0	1	1557	2129	3685	0.0	2876
abc_01705	gi|380004351|gb|JQ031671.1|	100.00	1557	0	0	1	1557	2124	3680	0.0	2876
abc_01705	gi|380004259|gb|JQ031648.1|	100.00	1557	0	0	1	1557	2129	3685	0.0	2876
abc_01705	gi|312828563|emb|FR714927.1|	100.00	1557	0	0	1	1557	1106467	1108023	0.0	2876
abc_01705	gi|311222926|gb|CP001844.2|	100.00	1557	0	0	1	1557	1182535	1184091	0.0	2876
abc_01705	gi|311222926|gb|CP001844.2|	83.41	928	152	2	631	1557	71790	70864	0.0	859
abc_01705	gi|262073980|gb|CP001781.1|	100.00	1557	0	0	1	1557	1160710	1162266	0.0	2876
abc_01705	gi|149944932|gb|CP000736.1|	100.00	1557	0	0	1	1557	1272398	1273954	0.0	2876
abc_01705	gi|149944932|gb|CP000736.1|	83.41	928	152	2	631	1557	66530	65604	0.0	859
abc_01705	gi|147739516|gb|CP000703.1|	100.00	1557	0	0	1	1557	1272524	1274080	0.0	2876
abc_01705	gi|147739516|gb|CP000703.1|	83.41	928	152	2	631	1557	66461	65535	0.0	859
abc_01705	gi|595636499|gb|CP007454.1|	99.94	1557	1	0	1	1557	2742584	2741028	0.0	2870
abc_01705	gi|156720466|dbj|AP009324.1|	99.94	1557	1	0	1	1557	1225675	1227231	0.0	2870
abc_01705	gi|156720466|dbj|AP009324.1|	83.41	928	152	2	631	1557	72748	71822	0.0	859
abc_01705	gi|47208328|dbj|BA000017.4|	99.94	1557	1	0	1	1557	1224274	1225830	0.0	2870
abc_01705	gi|47208328|dbj|BA000017.4|	83.41	928	152	2	631	1557	72748	71822	0.0	859
abc_01705	gi|47118324|dbj|BA000018.3|	99.94	1557	1	0	1	1557	1147946	1149502	0.0	2870
abc_01705	gi|47118324|dbj|BA000018.3|	83.41	928	152	2	631	1557	72787	71861	0.0	859
abc_01705	gi|777211012|emb|LN831036.1|	99.87	1557	2	0	1	1557	1130315	1131871	0.0	2865
abc_01705	gi|364521287|gb|CP003194.1|	99.87	1557	2	0	1	1557	1180057	1181613	0.0	2865
abc_01705	gi|828461663|gb|CP007674.1|	99.74	1557	4	0	1	1557	1143009	1144565	0.0	2854
abc_01705	gi|828444881|gb|CP007670.1|	99.74	1557	4	0	1	1557	1158510	1160066	0.0	2854
abc_01705	gi|827440804|gb|CP011526.1|	99.74	1557	4	0	1	1557	1145934	1147490	0.0	2854
abc_01705	gi|777226173|emb|LN831049.1|	99.74	1557	4	0	1	1557	2308664	2307108	0.0	2854
abc_01705	gi|760495145|gb|CP010944.1|	99.74	1557	4	0	1	1557	1055020	1056576	0.0	2854
abc_01705	gi|760491253|gb|CP010943.1|	99.74	1557	4	0	1	1557	1050649	1052205	0.0	2854
abc_01705	gi|748807120|gb|CP010526.1|	99.74	1557	4	0	1	1557	1200048	1201604	0.0	2854
abc_01705	gi|743649775|gb|CP010300.1|	99.74	1557	4	0	1	1557	1163704	1165260	0.0	2854
abc_01705	gi|743624649|gb|CP010299.1|	99.74	1557	4	0	1	1557	1163704	1165260	0.0	2854
abc_01705	gi|743618732|gb|CP010298.1|	99.74	1557	4	0	1	1557	1163703	1165259	0.0	2854
abc_01705	gi|743615870|gb|CP010297.1|	99.74	1557	4	0	1	1557	1163704	1165260	0.0	2854
abc_01705	gi|743612995|gb|CP010296.1|	99.74	1557	4	0	1	1557	1163704	1165260	0.0	2854
abc_01705	gi|743602172|gb|CP010295.1|	99.74	1557	4	0	1	1557	1163704	1165260	0.0	2854
abc_01705	gi|675300911|gb|CP007499.1|	99.74	1557	4	0	1	1557	1236358	1237914	0.0	2854
abc_01705	gi|657154530|gb|CP007447.1|	99.74	1557	4	0	1	1557	1204510	1206066	0.0	2854
abc_01705	gi|640834542|gb|CP007690.1|	99.74	1557	4	0	1	1557	1177652	1179208	0.0	2854
abc_01705	gi|610395799|gb|CP007539.1|	99.74	1557	4	0	1	1557	1199917	1201473	0.0	2854
abc_01705	gi|584463070|gb|CP007176.1|	99.74	1557	4	0	1	1557	1183422	1184978	0.0	2854
abc_01705	gi|554590848|gb|CP006838.1|	99.74	1557	4	0	1	1557	1236092	1237648	0.0	2854
abc_01705	gi|479274824|emb|HF937103.1|	99.74	1557	4	0	1	1557	1146290	1147846	0.0	2854
abc_01705	gi|380004271|gb|JQ031651.1|	99.74	1557	4	0	1	1557	2129	3685	0.0	2854
abc_01705	gi|380004295|gb|JQ031657.1|	99.74	1557	4	0	1	1557	2129	3685	0.0	2854
abc_01705	gi|380004307|gb|JQ031660.1|	99.74	1557	4	0	1	1557	2129	3685	0.0	2854
abc_01705	gi|380004303|gb|JQ031659.1|	99.74	1557	4	0	1	1557	2129	3685	0.0	2854
abc_01705	gi|380004263|gb|JQ031649.1|	99.74	1557	4	0	1	1557	2129	3685	0.0	2854
abc_01705	gi|374362062|gb|CP003033.1|	99.74	1557	4	0	1	1557	1082546	1084102	0.0	2854
abc_01705	gi|329312723|gb|CP002643.1|	99.74	1557	4	0	1	1557	1194185	1195741	0.0	2854
abc_01705	gi|269939526|emb|FN433596.1|	99.74	1557	4	0	1	1557	1236088	1237644	0.0	2854
abc_01705	gi|160367075|gb|CP000730.1|	99.74	1557	4	0	1	1557	1177653	1179209	0.0	2854
abc_01705	gi|150373012|dbj|AP009351.1|	99.74	1557	4	0	1	1557	1183716	1185272	0.0	2854
abc_01705	gi|57284222|gb|CP000046.1|	99.74	1557	4	0	1	1557	1187525	1189081	0.0	2854
abc_01705	gi|87201381|gb|CP000253.1|	99.74	1557	4	0	1	1557	1083751	1085307	0.0	2854
abc_01705	gi|87125858|gb|CP000255.1|	99.74	1557	4	0	1	1557	1163706	1165262	0.0	2854
abc_01705	gi|19747209|gb|AC027137.8|	99.74	1557	4	0	1	1557	40506	38950	0.0	2854
abc_01705	gi|49243355|emb|BX571857.1|	99.74	1557	4	0	1	1557	1176386	1177942	0.0	2854
abc_01705	gi|47118312|dbj|BA000033.2|	99.74	1557	4	0	1	1557	1147713	1149269	0.0	2854
abc_01705	gi|520996365|gb|CP005288.1|	99.68	1557	5	0	1	1557	1599331	1597775	0.0	2848
abc_01705	gi|302749911|gb|CP002120.1|	99.68	1557	5	0	1	1557	1190111	1191667	0.0	2848
abc_01705	gi|827443540|gb|CP011528.1|	99.61	1557	6	0	1	1557	1087066	1088622	0.0	2843
abc_01705	gi|700315490|gb|CP009681.1|	99.61	1557	6	0	1	1557	1348366	1346810	0.0	2843
abc_01705	gi|380004315|gb|JQ031662.1|	99.61	1557	6	0	1	1557	2129	3685	0.0	2843
abc_01705	gi|781886788|dbj|AP014653.1|	99.55	1557	7	0	1	1557	1122371	1123927	0.0	2837
abc_01705	gi|781883823|dbj|AP014652.1|	99.55	1557	7	0	1	1557	1122371	1123927	0.0	2837
abc_01705	gi|760463627|gb|CP010940.1|	99.55	1557	7	0	1	1557	1034307	1035863	0.0	2837
abc_01705	gi|636561279|gb|CP007659.1|	99.55	1557	7	0	1	1557	1131124	1132680	0.0	2837
abc_01705	gi|385195117|emb|HE681097.1|	99.55	1557	7	0	1	1557	1116938	1118494	0.0	2837
abc_01705	gi|380004311|gb|JQ031661.1|	99.55	1557	7	0	1	1557	2128	3684	0.0	2837
abc_01705	gi|380004283|gb|JQ031654.1|	99.55	1557	7	0	1	1557	2129	3685	0.0	2837
abc_01705	gi|537389513|gb|CP003979.1|	99.49	1557	8	0	1	1557	1115448	1117004	0.0	2832
abc_01705	gi|760485355|gb|CP010941.1|	99.29	1557	11	0	1	1557	1163470	1165026	0.0	2815
abc_01705	gi|344176319|emb|FR821779.1|	99.17	1557	13	0	1	1557	1176962	1178518	0.0	2804
abc_01705	gi|761646437|gb|CP010952.1|	99.10	1557	14	0	1	1557	1133875	1135431	0.0	2798
abc_01705	gi|670938612|gb|CP006630.1|	99.10	1557	14	0	1	1557	1144647	1146203	0.0	2798
abc_01705	gi|545582967|gb|CP003604.1|	99.10	1557	14	0	1	1557	1136460	1138016	0.0	2798
abc_01705	gi|545580417|gb|CP003603.1|	99.10	1557	14	0	1	1557	1154857	1156413	0.0	2798
abc_01705	gi|380004343|gb|JQ031669.1|	99.10	1557	14	0	1	1557	2128	3684	0.0	2798
abc_01705	gi|380004291|gb|JQ031656.1|	99.10	1557	14	0	1	1557	2128	3684	0.0	2798
abc_01705	gi|359829121|gb|CP003166.1|	99.10	1557	14	0	1	1557	1154836	1156392	0.0	2798
abc_01705	gi|82655308|emb|AJ938182.1|	99.04	1557	15	0	1	1557	1114930	1116486	0.0	2793
abc_01705	gi|298693322|gb|CP001996.1|	98.97	1557	16	0	1	1557	1190829	1192385	0.0	2787
abc_01705	gi|537376647|gb|CP006706.1|	98.91	1557	17	0	1	1557	1125714	1127270	0.0	2782
abc_01705	gi|703576232|gb|CP009554.1|	98.78	1557	19	0	1	1557	1162571	1164127	0.0	2771
abc_01705	gi|701162461|emb|LN626917.1|	98.78	1557	19	0	1	1557	1273301	1271745	0.0	2771
abc_01705	gi|685631213|gb|CP009361.1|	98.78	1557	19	0	1	1557	1130671	1132227	0.0	2771
abc_01705	gi|532126991|gb|CP002388.1|	98.78	1557	19	0	1	1557	1073725	1075281	0.0	2771
abc_01705	gi|380004299|gb|JQ031658.1|	98.78	1557	19	0	1	1557	2128	3684	0.0	2771
abc_01705	gi|49240382|emb|BX571856.1|	98.78	1557	19	0	1	1557	1189659	1191215	0.0	2771
abc_01705	gi|49240382|emb|BX571856.1|	83.41	928	152	2	631	1557	72675	71749	0.0	859
abc_01705	gi|380004335|gb|JQ031667.1|	98.72	1557	20	0	1	1557	2128	3684	0.0	2765
abc_01705	gi|380004319|gb|JQ031663.1|	98.72	1557	20	0	1	1557	2128	3684	0.0	2765
abc_01705	gi|304365608|gb|CP002114.2|	98.72	1557	20	0	1	1557	1127694	1129250	0.0	2765
abc_01705	gi|312436391|gb|CP002110.1|	98.72	1557	18	2	1	1557	2180899	2179345	0.0	2763
abc_01705	gi|514002521|gb|CP006044.1|	98.65	1557	21	0	1	1557	1146254	1147810	0.0	2760
abc_01705	gi|514002521|gb|CP006044.1|	83.41	928	152	2	631	1557	71779	70853	0.0	859
abc_01705	gi|380004287|gb|JQ031655.1|	98.65	1557	21	0	1	1557	2128	3684	0.0	2760
abc_01705	gi|380004327|gb|JQ031665.1|	98.52	1557	23	0	1	1557	2128	3684	0.0	2748
abc_01705	gi|404438823|gb|CP003808.1|	98.33	1557	26	0	1	1557	1196419	1197975	0.0	2732
abc_01705	gi|384229115|gb|CP003045.1|	98.33	1557	26	0	1	1557	1084370	1085926	0.0	2732
abc_01705	gi|380004354|gb|JQ031672.1|	98.33	1557	26	0	1	1557	2128	3684	0.0	2732
abc_01705	gi|283469229|emb|AM990992.1|	98.33	1557	26	0	1	1557	1218137	1219693	0.0	2732
abc_01705	gi|356871517|emb|FR821777.2|	87.54	1557	194	0	1	1557	1124599	1126155	0.0	1801
abc_01705	gi|672710284|emb|HG813242.1|	82.44	1543	269	2	16	1557	161553	160012	0.0	1347
abc_01705	gi|380004382|gb|JQ031679.1|	82.44	1543	269	2	16	1557	2146	3687	0.0	1347
abc_01705	gi|380004458|gb|JQ031698.1|	82.44	1543	269	2	16	1557	2146	3687	0.0	1347
abc_01705	gi|380004446|gb|JQ031695.1|	82.44	1543	269	2	16	1557	2146	3687	0.0	1347
abc_01705	gi|27316888|gb|AE015929.1|	82.37	1543	270	2	16	1557	218579	217038	0.0	1341
abc_01705	gi|380004466|gb|JQ031700.1|	82.31	1543	271	2	16	1557	2146	3687	0.0	1336
abc_01705	gi|380004442|gb|JQ031694.1|	82.05	1543	275	2	16	1557	2146	3687	0.0	1314
abc_01705	gi|380004390|gb|JQ031681.1|	82.05	1543	275	2	16	1557	2146	3687	0.0	1314
abc_01705	gi|380004426|gb|JQ031690.1|	82.05	1543	275	2	16	1557	2146	3687	0.0	1314
abc_01705	gi|380004394|gb|JQ031682.1|	82.05	1543	275	2	16	1557	2146	3687	0.0	1314
abc_01705	gi|9624042|gb|AF270135.1|AF270135	81.92	1543	277	2	16	1557	2588	1047	0.0	1303
abc_01705	gi|9623924|gb|AF270020.1|AF270020	81.92	1543	277	2	16	1557	687	2228	0.0	1303
abc_01705	gi|452753789|emb|HF569094.1|	83.62	928	150	2	631	1557	52184	51258	0.0	870
abc_01705	gi|452754304|emb|HF569106.1|	83.41	928	152	2	631	1557	38938	38012	0.0	859
abc_01705	gi|57636010|gb|CP000029.1|	83.41	928	152	2	631	1557	2550906	2551832	0.0	859
abc_01705	gi|13785452|dbj|D86934.2|	83.41	928	152	2	631	1557	19020	19946	0.0	859
abc_01705	gi|452754653|emb|HF569114.1|	83.30	928	153	2	631	1557	54579	53653	0.0	854
abc_01705	gi|452754521|emb|HF569111.1|	83.30	928	153	2	631	1557	54104	53178	0.0	854
abc_01705	gi|452754458|emb|HF569110.1|	83.30	928	153	2	631	1557	54536	53610	0.0	854
abc_01705	gi|452754349|emb|HF569107.1|	83.30	928	153	2	631	1557	45402	44476	0.0	854
abc_01705	gi|452754070|emb|HF569101.1|	83.30	928	153	2	631	1557	53819	52893	0.0	854
abc_01705	gi|452754014|emb|HF569100.1|	83.30	928	153	2	631	1557	49812	48886	0.0	854
abc_01705	gi|452753841|emb|HF569095.1|	83.30	928	153	2	631	1557	46900	45974	0.0	854
abc_01705	gi|9623775|gb|AF269875.1|AF269875	84.28	369	58	0	1189	1557	7	375	3e-95	361